A = [1, 2, 3, 4, 5, 6, 7, 8, 9, 1, 4, 7, 2, 5, 8, 3; ...
     6, 9, 2, 2, 3, 4, 6, 6, 7, 8, 10,1,-2,-4, 2, 1];
B =  [0, 1, 2, 3, 4, 5, 6, 7, 8, 0, 3, 6, 1, 4, 7, 2;...
      5, 8, 1, 1, 2, 3, 5, 5, 6, 7, 9, 0,-3, -5, 1, 0;...
      5, 4, 1, 1, 2, 3, 5, 5, 2, 7, 9, 0, -7, -5, 1, 0]';


Bias =  [0.5, 1.5, 2];

D = [0.5, 3, 4; 2, 6, 7];

CC = A*B;

C = A*B + [1, 1]' * Bias;

E = A'*D;

F = D * B';
