A = [0.3 0.2 0.3 0.1 0.5 0.6];

C = [0.158860531865695, 0.143742953481174, -0.841139468134305, 0.130064002888769, 0.194032691783551, 0.214439288115116 ];

B = 1./(1 + exp(-A));

D = B.*(1 - B) .* C;
